		5s

	599 beacon (gumdrop)

0M	1M	2M	3M	4M	5M	10M	15M	20M	25M	30M	35M	40M	45M	50M
35	69	76	76	88	82	86	97	94	99	99	101	102	92
33	69	76	76	81	83	86	97	95	96	99	101	102	92
35	69	76	74	80	85	86	95	95	96	95	101	102	-
35	68	73	73	85	85	90	95	95	97	99	101	102	-
35	68	72	73	85	85	90	95	96	97	99	101	102	-
35	68	72	75	87	85	95	95	96	98	99	101	102	-
35	68	74	73	87	84	92	95	96	99	95	101	102	-
36	68	72	73	86	83	92	95	96	97	95	101	102	
39	64	72	74	84	83	92	95	96	101	97	-	-	
39	69	72	74	86	84	93	95	98	101	98	-	-	

		S4
0M	1M	2M	3M	4M	5M	10M	15M	20M	25M	30M	35M	40M	45M	50M
31	68	69	69	81	77	88	86	85	84	88	87	90	92	97
31	68	70	70	82	76	88	87	88	87	90	90	89	90	93
35	69	70	70	80	75	84	90	88	90	89	93	92	89	98
34	68	70	72	84	74	87	84	87	85	93	94	94	88	95
31	68	70	72	87	73	88	87	91	87	86	91	93	89	97
31	69	70	71	88	77	88	92	88	83	86	90	94	89	96
31	70	73	71	86	77	89	89	88	85	86	90	93	89	97
32	69	70	70	82	78	87	88	87	84	87	96	94	91	95
30	67	67	70	94	70	88	86	86	83	85	91	92	88	91
31	67	69	71	94	69	89	87	87	87	87	93	93	90	92

Enrise Yellow

		5S
0M	1M	2M	3M	4M	5M	10M	15M	20M	25M	30M	35M	40M	45M	50M
37	66	73	72	80	75	87	80	84	86	90	90	88	95	95
37	66	71	69	80	75	86	80	84	86	90	90	90	95	98
37	66	71	70	82	76	86	80	84	86	87	99	90	93	98
37	67	71	70	82	76	85	80	84	88	87	98	89	96	95
38	71	70	70	82	75	85	80	83	88	88	98	91	96	95
38	72	69	68	83	76	84	80	83	85	88	98	91	95	94
36	70	69	68	82	76	84	84	83	88	88	92	91	95	94
36	70	71	70	82	75	86	84	84	86	91	91	91	94	94
40	76	70	70	84	75	85	84	84	86	91	91	91	94	94
39	70	73	70	84	76	85	85	84	87	89	91	89	93	95

Long distance mofo

		5S
0M	1M	2M	3M	4M	5M	10M	15M	20M	25M	30M	35M	40M	45M	50M
33	63	72	72	72	71	84	85	86	84	86	87	89	93	89
33	64	75	73	75	70	84	85	83	86	85	86	89	93	92
36	64	84	74	73	72	94	81	83	86	85	87	87	95	94
36	66	84	74	71	72	88	80	85	86	86	86	88	95	94
36	66	84	74	71	74	86	80	84	84	86	91	88	92	95
36	63	77	69	76	69	86	82	84	85	85	90	90	91	91
37	63	77	69	75	69	86	81	84	84	85	90	85	93	95
30	65	75	69	72	70	78	83	85	84	85	90	85	95	95
30	65	82	69	76	70	78	83	86	84	85	86	89	95	92
33	66	72	71	77	70	78	87	86	84	85	86	89	95	94


KONTAKT

		5S
0M	1M	2M	3M	4M	5M	10M	15M	20M	25M	30M	35M	40M	45M	50M
37	76	85	85	87	92	97	92	
37	78	85	86	87	92	97	92	
36	78	85	82	88	93	99	92	
36	78	83	82	88	93	99	-	
37	78	83	83	88	93	96	-	
37	80	84	83	89	93	96	-	
37	80	84	84	86	96	96	-	
36	77	84	83	86	91	98	-	
36	77	82	82	87	92	99	-	
36	80	83	82	87	92	96	-	